/yellow
m 1.0 1.0 0.0 0. 0. 0. 100. 0. 0. 0.
s 50. 50. -300.0 100.

/blue
m 0.0 0.0 0.2 0.5 0.7 0.7 60. 0.7 0.7 0.7
/eyes
s 20 10 -200 12
s 75 10 -200 12
/mouth
m 0.15 0.0 0.0 0.1 0.1 0.1 10. 0.7 0.7 0.7
s 2 66 -200 8
s 10 76 -200 8
s 22 83 -200 8
s 35 89 -200 8
s 47 91 -200 8
s 59 89 -200 8
s 72 83 -200 8
s 84 76 -200 8
s 92 66 -200 8
/s 6 70 -200 8

/ one point light
l p 25. 130. -20 1.0 1.0 1.0
 
 
/ camera: pointing towards -Z, 35mmx25mm "film", 35mm focal length
/ making 160x120 pixels
c 50. 50. 0. 0. 0. 1. 35.0 35.0 25.0 640 480
